4294967294,0
4294967279,369
4294967278,564
4294967279,368
4294967278,563
4294967279,367
4294967278,562
4294967279,366
4294967279,267
4294967279,365
4294967279,294
4294967279,286
4294967279,134
4294967278,274
4294967279,272
4294967278,275
4294967278,306
4294967278,561
4294967279,364
4294967278,281
4294967279,266
4294967278,282
4294967279,283
4294967278,277
4294967279,264
4294967278,280
4294967279,278
4294967278,305
4294967279,303
4294967278,304
4294967279,261
4294967278,278
4294967279,225
4294967278,560
4294967279,363
4294967278,559
4294967279,292
4294967278,292
4294967279,290
4294967278,558
4294967279,362
4294967278,557
4294967279,361
4294967279,360
4294967279,271
4294967278,285
4294967278,284
4294967279,279
4294967279,265
4294967278,302
4294967279,302
4294967278,301
4294967279,301
4294967278,300
4294967279,300
4294967278,299
4294967278,248
4294967278,231
4294967279,229
4294967278,227
4294967279,227
4294967278,225
4294967279,359
4294967294,5
4294967279,358
4294967279,259
4294967279,258
4294967279,276
4294967279,256
4294967278,303
4294967279,357
11,0
4294967278,556
4294967278,555
4294967278,174
4294967278,554
4294967279,254
4294967278,553
4294967278,0
4294967279,356
4294967278,256
4294967279,299
4294967278,298
4294967279,298
4294967278,297
4294967279,297
4294967278,296
4294967278,295
4294967279,296
4294967278,254
4294967278,253
4294967278,250
4294967278,246
4294967278,244
4294967278,242
4294967278,240
4294967278,238
4294967278,237
4294967278,236
4294967278,234
4294967278,232
4294967278,230
4294967278,228
4294967278,226
4294967278,224
4294967278,222
4294967278,220
4294967278,206
4294967278,198
4294967278,183
11,8
4294967279,355
4294967278,552
4294967278,286
4294967279,295
4294967278,213
4294967278,212
4294967278,211
4294967278,210
4294967278,209
4294967278,208
4294967278,207
4294967278,205
4294967278,204
4294967278,203
4294967278,202
4294967278,201
4294967278,200
4294967278,199
4294967279,354
4294967278,551
4294967278,197
4294967278,196
4294967278,195
4294967278,194
4294967278,193
4294967278,192
4294967278,191
4294967278,190
4294967278,189
4294967278,188
4294967278,187
4294967278,186
4294967278,185
4294967278,184
4294967279,353
4294967278,181
4294967279,352
4294967278,550
4294967278,156
4294967279,289
4294967278,549
4294967279,285
4294967278,271
4294967279,351
4294967278,252
4294967278,548
4294967279,350
4294967278,547
4294967278,177
4294967278,176
4294967278,175
4294967278,173
4294967278,172
4294967278,171
4294967278,170
4294967278,169
4294967278,168
4294967278,167
4294967278,166
4294967278,165
4294967278,164
4294967278,163
4294967278,162
4294967278,161
4294967278,160
4294967278,159
4294967278,158
4294967278,157
4294967278,155
4294967278,154
4294967278,153
4294967278,152
4294967279,349
4294967278,546
4294967279,348
4294967278,545
4294967279,275
4294967278,544
4294967279,347
4294967278,543
4294967278,542
4294967278,541
4294967279,88
4294967279,346
4294967279,174
4294967278,540
4294967279,345
4294967278,539
4294967278,538
4294967279,344
4294967279,343
4294967278,537
4294967279,342
4294967278,536
4294967279,341
4294967294,7
4294967279,340
4294967279,0
4294967294,6
4294967278,535
4294967278,260
4294967279,171
0,5
4294967278,132
4294967278,131
4294967278,130
4294967278,129
4294967278,128
4294967278,127
4294967278,126
4294967278,125
4294967278,124
4294967278,123
4294967278,122
4294967278,121
4294967278,120
4294967278,119
4294967278,118
4294967278,117
4294967278,116
4294967278,115
4294967278,114
4294967278,113
4294967278,112
4294967278,111
4294967278,110
4294967278,109
4294967278,108
4294967278,107
4294967278,106
4294967278,105
4294967278,104
4294967278,103
4294967278,102
4294967278,101
4294967278,100
4294967278,99
4294967278,98
4294967278,97
4294967278,96
4294967278,95
4294967278,94
4294967278,93
4294967278,92
4294967278,91
4294967278,90
4294967278,89
4294967278,87
4294967278,86
4294967278,85
4294967278,84
4294967278,83
4294967278,82
4294967278,81
4294967278,80
4294967278,79
4294967278,78
4294967278,77
4294967278,76
4294967278,75
4294967278,74
4294967278,73
4294967278,72
4294967278,71
4294967278,70
4294967278,69
4294967278,68
4294967278,67
4294967278,66
4294967278,65
4294967278,64
4294967278,63
4294967278,62
4294967278,61
4294967278,60
4294967278,59
4294967278,58
4294967278,57
4294967278,56
4294967278,55
4294967278,54
4294967278,53
4294967278,52
4294967278,51
4294967278,50
4294967278,49
4294967278,48
4294967278,47
4294967278,46
4294967278,45
4294967278,44
4294967278,43
4294967278,42
4294967278,41
4294967278,40
4294967278,39
4294967278,38
4294967278,37
4294967278,36
4294967279,21
4294967279,17
4294967279,13
4294967279,12
4294967279,11
4294967279,10
4294967279,9
4294967279,8
4294967279,7
4294967279,6
4294967279,5
4294967279,4
4294967279,339
4294967279,158
4294967279,156
4294967279,287
4294967278,287
4294967279,274
4294967279,137
4294967279,136
11,7
11,6
4294967279,284
4294967279,282
4294967279,277
4294967278,534
4294967278,241
4294967279,241
4294967279,338
4294967278,533
4294967279,218
4294967279,216
4294967279,337
4294967278,532
4294967279,184
4294967278,182
4294967279,183
